cam0:
  cam_overlaps: [1, 2]
  camera_model: ds
  distortion_coeffs: []
  distortion_model: none
  intrinsics: [-0.19201647627340088, 0.5936112319073433, 236.56688833674508, 237.477869061023, 606.0625177183193, 501.46107418758805]
  resolution: [1224, 1028]
  rostopic: /camera_image0
  fov_degree: 195.0
  kalibr_frame: kam0
  mvs_frame: cif2
  FT_K_C:
    f0: kam0
    f1: cif2
    T:
      - [1.0, 0.0, 0.0, 0.0]
      - [0.0, 1.0, 0.0, 0.0]
      - [0.0, 0.0, 1.0, 0.0]
      - [0.0, 0.0, 0.0, 1.0]
cam1:
  T_cn_cnm1:
  - [0.9999956581685678, 0.0008793458505046936, -0.002812542425635271, 0.2999755794055176]
  - [-0.0008703996511145348, 0.9999945635027483, 0.003180466853012061, 0.0006117961550923507]
  - [0.0028153238655859564, -0.0031780050080150793, 0.999990987077238, 0.000497470042173129]
  - [0.0, 0.0, 0.0, 1.0]
  cam_overlaps: [0, 2]
  camera_model: ds
  distortion_coeffs: []
  distortion_model: none
  intrinsics: [-0.19707286467181095, 0.5921287346186913, 234.9597018206096, 235.84346932921812, 606.8235817380444, 508.90194952261993]
  resolution: [1224, 1028]
  rostopic: /camera_image1
  fov_degree: 195.0
  kalibr_frame: kam1
  mvs_frame: cif1
  FT_K_C:
    f0: kam1
    f1: cif1
    T:
      - [1.0, 0.0, 0.0, 0.0]
      - [0.0, 1.0, 0.0, 0.0]
      - [0.0, 0.0, 1.0, 0.0]
      - [0.0, 0.0, 0.0, 1.0]
cam2:
  T_cn_cnm1:
  - [0.9999897843663291, -0.00140381325135101, 0.004296565063662145, -0.15021079331350293]
  - [0.0013860332007102334, 0.9999904762954959, 0.00413838498478834, -0.36152016924462144]
  - [-0.004302333664126916, -0.004132387526736081, 0.9999822064908854, 0.0027486585900241183]
  - [0.0, 0.0, 0.0, 1.0]
  cam_overlaps: [0, 1]
  camera_model: ds
  distortion_coeffs: []
  distortion_model: none
  intrinsics: [-0.19454529254240757, 0.5923473155852407, 235.48792475895905, 236.39376653424492, 606.4231301998961, 510.0633781408762]
  resolution: [1224, 1028]
  rostopic: /camera_image2
  fov_degree: 195.0
  kalibr_frame: kam2
  mvs_frame: cif0
  FT_K_C:
    f0: kam2
    f1: cif0
    T:
      - [1.0, 0.0, 0.0, 0.0]
      - [0.0, 1.0, 0.0, 0.0]
      - [0.0, 0.0, 1.0, 0.0]
      - [0.0, 0.0, 0.0, 1.0]
