cam0:
  cam_overlaps: [1, 2]
  camera_model: ds
  distortion_coeffs: []
  distortion_model: none
  intrinsics: [-0.1931528577596479, 0.5931048794919763, 236.92521839655618, 237.89045537011285, 608.1873680383006, 517.1736502728356]
  resolution: [1224, 1028]
  rostopic: /camera_0/image_raw
  mvs_frame: cif0
cam1:
  T_cn_cnm1:
  - [0.9999070020763103, 0.0017179690426678603, -0.013529071702300045, -0.24054995126141862]
  - [-0.0015932123099203434, 0.9999561632647259, 0.009226766682667668, 0.0013052386223960605]
  - [0.013544329931490122, -0.009204353928945948, 0.9998659065071924, -0.001141456546834383]
  - [0.0, 0.0, 0.0, 1.0]
  cam_overlaps: [0, 2]
  camera_model: ds
  distortion_coeffs: []
  distortion_model: none
  intrinsics: [-0.19744996668893067, 0.5928932863434351, 235.77142636642688, 236.76979418088717, 609.6994439850882, 500.0138011955002]
  resolution: [1224, 1028]
  rostopic: /camera_1/image_raw
  mvs_frame: cif1
cam2:
  T_cn_cnm1:
  - [-0.999928291281937, 0.011818092311534993, -0.001935197171737504, -0.12258990112750187]
  - [-0.011850999041122747, -0.9997680830555734, 0.01798148840066204, 0.2885663643115138]
  - [-0.001722241476904759, 0.01800313299100668, 0.9998364471686332, 0.0007581923275848454]
  - [0.0, 0.0, 0.0, 1.0]
  cam_overlaps: [0, 1]
  camera_model: ds
  distortion_coeffs: []
  distortion_model: none
  intrinsics: [-0.19173169179899757, 0.594350988986867, 236.6931384123886, 237.5789037885813, 612.8373037057347, 502.53031026759305]
  resolution: [1224, 1028]
  rostopic: /camera_2/image_raw
  mvs_frame: cif2
