cam0:
  cam_overlaps: [1, 2]
  camera_model: ds
  distortion_coeffs: []
  distortion_model: none
  intrinsics: [-0.23226970960231816, 0.5813349726144784, 224.041720176699, 224.5554549605347, 608.5630251428304, 513.3414663310389]
  resolution: [1224, 1028]
  rostopic: /camera_0/image_raw
  fov_degree: 195.0
  kalibr_frame: kam0
  mvs_frame: cif1
  FT_K_C:
    f0: kam0
    f1: cif1
    T:
      - [1.0, 0.0, 0.0, 0.0]
      - [0.0, 1.0, 0.0, 0.0]
      - [0.0, 0.0, 1.0, 0.0]
      - [0.0, 0.0, 0.0, 1.0]
cam1:
  T_cn_cnm1:
  - [0.9999991240570385, -0.0006189135782704639, -0.0011699705716995605, -0.24134605408909157]
  - [0.0006271334301071593, 0.9999750332991731, 0.007038428942503721, 0.00023789210029369318]
  - [0.0011655851821521133, -0.007039156504899182, 0.9999745455194763, 0.00408064525491016]
  - [0.0, 0.0, 0.0, 1.0]
  cam_overlaps: [0, 2]
  camera_model: ds
  distortion_coeffs: []
  distortion_model: none
  intrinsics: [-0.17900136186122692, 0.5972180873347521, 239.84161936730732, 240.95408778560548, 603.0633054397995, 511.38604291209055]
  resolution: [1224, 1028]
  rostopic: /camera_1/image_raw
  fov_degree: 195.0
  kalibr_frame: kam1
  mvs_frame: cif2
  FT_K_C:
    f0: kam1
    f1: cif2
    T:
      - [1.0, 0.0, 0.0, 0.0]
      - [0.0, 1.0, 0.0, 0.0]
      - [0.0, 0.0, 1.0, 0.0]
      - [0.0, 0.0, 0.0, 1.0]
cam2:
  T_cn_cnm1:
  - [0.9999961837015049, 0.002634662866989842, -0.0008313446896045595, 0.1193749287056276]
  - [-0.002639054252060292, 0.9999823336546317, -0.005326140373762881, -0.2884328381972133]
  - [0.0008172974185150285, 0.005328314011359444, 0.9999854704418037, -0.0018987719015068395]
  - [0.0, 0.0, 0.0, 1.0]
  cam_overlaps: [0, 1]
  camera_model: ds
  distortion_coeffs: []
  distortion_model: none
  intrinsics: [-0.16431499601795707, 0.6004927238662818, 243.89034387998487, 245.05972120217427, 612.4750657263069, 506.53567726019537]
  resolution: [1224, 1028]
  rostopic: /camera_2/image_raw
  fov_degree: 195.0
  kalibr_frame: kam2
  mvs_frame: cif0
  FT_K_C:
    f0: kam2
    f1: cif0
    T:
      - [1.0, 0.0, 0.0, 0.0]
      - [0.0, 1.0, 0.0, 0.0]
      - [0.0, 0.0, 1.0, 0.0]
      - [0.0, 0.0, 0.0, 1.0]
