cam0:
  cam_overlaps: [1, 2]
  camera_model: ds
  distortion_coeffs: []
  distortion_model: none
  intrinsics: [-0.16416758176429075, 0.6009169513000963, 244.23000742530968, 245.29235289224118, 604.2883140772777, 500.8844538405538]
  resolution: [1224, 1028]
  rostopic: /camera_image0
  fov_degree: 195.0
  kalibr_frame: kam0
  mvs_frame: cif1
  FT_K_C:
    f0: kam0
    f1: cif1
    T:
      - [1.0, 0.0, 0.0, 0.0]
      - [0.0, 1.0, 0.0, 0.0]
      - [0.0, 0.0, 1.0, 0.0]
      - [0.0, 0.0, 0.0, 1.0]
cam1:
  T_cn_cnm1:
  - [0.9999123301644528, 0.013241290670305612, -1.4369373666415537e-05, -0.3011046549164328]
  - [-0.013241291243165313, 0.9999100623246207, -0.00212966386713239, 0.0019573509122521224]
  - [-1.3831416976395766e-05, 0.002129667428913087, 0.9999977321600956, -0.0022061935436289665]
  - [0.0, 0.0, 0.0, 1.0]
  cam_overlaps: [0, 2]
  camera_model: ds
  distortion_coeffs: []
  distortion_model: none
  intrinsics: [-0.19814111736700082, 0.5908449207636574, 234.19425410159212, 235.03207935354706, 607.6542905528722, 509.5550290350179]
  resolution: [1224, 1028]
  rostopic: /camera_image1
  fov_degree: 195.0
  kalibr_frame: kam1
  mvs_frame: cif2
  FT_K_C:
    f0: kam1
    f1: cif2
    T:
      - [1.0, 0.0, 0.0, 0.0]
      - [0.0, 1.0, 0.0, 0.0]
      - [0.0, 0.0, 1.0, 0.0]
      - [0.0, 0.0, 0.0, 1.0]
cam2:
  T_cn_cnm1:
  - [0.9999729735229543, -0.00706538429811402, 0.0020328719524026944, 0.15078748023638133]
  - [0.00703725547906076, 0.9998837486058564, 0.01352650395398122, -0.3605186422563503]
  - [-0.0021282055768489542, -0.013511832540947365, 0.9999064461850429, 0.0052032472494432085]
  - [0.0, 0.0, 0.0, 1.0]
  cam_overlaps: [0, 1]
  camera_model: ds
  distortion_coeffs: []
  distortion_model: none
  intrinsics: [-0.1977344487929194, 0.591521441430795, 235.01332284240303, 235.8705424680472, 606.7904150417627, 509.66145171681734]
  resolution: [1224, 1028]
  rostopic: /camera_image2
  fov_degree: 195.0
  kalibr_frame: kam2
  mvs_frame: cif0
  FT_K_C:
    f0: kam2
    f1: cif0
    T:
      - [1.0, 0.0, 0.0, 0.0]
      - [0.0, 1.0, 0.0, 0.0]
      - [0.0, 0.0, 1.0, 0.0]
      - [0.0, 0.0, 0.0, 1.0]
