cam0:
  cam_overlaps: [1, 2]
  camera_model: ds
  distortion_coeffs: []
  distortion_model: none
  intrinsics: [-0.19714007563181013, 0.5919795625599272, 234.9193818385163, 235.9029584204565, 604.3478793431908, 501.51528195550554]
  resolution: [1224, 1028]
  rostopic: /camera_image0
  fov_degree: 195.0
  kalibr_frame: kam0
  mvs_frame: cif1
  FT_K_C:
    f0: kam0
    f1: cif1
    T:
      - [1.0, 0.0, 0.0, 0.0]
      - [0.0, 1.0, 0.0, 0.0]
      - [0.0, 0.0, 1.0, 0.0]
      - [0.0, 0.0, 0.0, 1.0]
cam1:
  T_cn_cnm1:
  - [0.9999026976531258, 0.013781926035184806, 0.0021572530625036395, -0.30056239758003]
  - [-0.013784295102797113, 0.9999044010349399, 0.00108719799965178, 0.002278291303205432]
  - [-0.0021420631489266757, -0.0011168284255598524, 0.9999970821256167, -6.700782793846233e-05]
  - [0.0, 0.0, 0.0, 1.0]
  cam_overlaps: [0, 2]
  camera_model: ds
  distortion_coeffs: []
  distortion_model: none
  intrinsics: [-0.19952511511815596, 0.5918586557928387, 234.38522167904952, 235.28676887732857, 606.8745404122203, 508.91476808437386]
  resolution: [1224, 1028]
  rostopic: /camera_image1
  fov_degree: 195.0
  kalibr_frame: kam1
  mvs_frame: cif2
  FT_K_C:
    f0: kam1
    f1: cif2
    T:
      - [1.0, 0.0, 0.0, 0.0]
      - [0.0, 1.0, 0.0, 0.0]
      - [0.0, 0.0, 1.0, 0.0]
      - [0.0, 0.0, 0.0, 1.0]
cam2:
  T_cn_cnm1:
  - [0.9999680358447679, -0.007983153954309343, 0.0004433302436894146, 0.15077092499681943]
  - [0.007978603009210168, 0.999923408756596, 0.009461422441526384, -0.3600937540724643]
  - [-0.0005188282804522728, -0.009457582859134344, 0.999955141465698, 0.0032123581484966245]
  - [0.0, 0.0, 0.0, 1.0]
  cam_overlaps: [0, 1]
  camera_model: ds
  distortion_coeffs: []
  distortion_model: none
  intrinsics: [-0.1928200324134821, 0.5930431562837439, 236.29759443777516, 237.11225786398404, 606.522650560431, 510.1253997955066]
  resolution: [1224, 1028]
  rostopic: /camera_image2
  fov_degree: 195.0
  kalibr_frame: kam2
  mvs_frame: cif0
  FT_K_C:
    f0: kam2
    f1: cif0
    T:
      - [1.0, 0.0, 0.0, 0.0]
      - [0.0, 1.0, 0.0, 0.0]
      - [0.0, 0.0, 1.0, 0.0]
      - [0.0, 0.0, 0.0, 1.0]
