cam0:
  cam_overlaps: [1, 2]
  camera_model: ds
  distortion_coeffs: []
  distortion_model: none
  intrinsics: [-0.1837876911131958, 0.5961342755266611, 238.85572047243963, 239.78598059114606, 604.5347901986748, 501.6785520182427]
  resolution: [1224, 1028]
  rostopic: /camera_image0
  fov_degree: 195.0
  kalibr_frame: kam0
  mvs_frame: cif1
  FT_K_C:
    f0: kam0
    f1: cif1
    T:
      - [1.0, 0.0, 0.0, 0.0]
      - [0.0, 1.0, 0.0, 0.0]
      - [0.0, 0.0, 1.0, 0.0]
      - [0.0, 0.0, 0.0, 1.0]
cam1:
  T_cn_cnm1:
  - [0.9999030353049482, 0.013740153741665337, 0.002264544791827115, -0.30001733928853547]
  - [-0.01374335222449447, 0.9999045714329522, 0.0014029601294459034, 0.00199530538998029]
  - [-0.002245051801690594, -0.0014339465285470013, 0.9999964517635891, -0.00039498093395615153]
  - [0.0, 0.0, 0.0, 1.0]
  cam_overlaps: [0, 2]
  camera_model: ds
  distortion_coeffs: []
  distortion_model: none
  intrinsics: [-0.20097417122944247, 0.5917583102235366, 234.07551719721246, 234.96225552567927, 606.413177371178, 509.32035480895985]
  resolution: [1224, 1028]
  rostopic: /camera_image1
  fov_degree: 195.0
  kalibr_frame: kam1
  mvs_frame: cif2
  FT_K_C:
    f0: kam1
    f1: cif2
    T:
      - [1.0, 0.0, 0.0, 0.0]
      - [0.0, 1.0, 0.0, 0.0]
      - [0.0, 0.0, 1.0, 0.0]
      - [0.0, 0.0, 0.0, 1.0]
cam2:
  T_cn_cnm1:
  - [0.9999690274676821, -0.007782882688695452, 0.0011708297878745624, 0.15030495192467264]
  - [0.007770039286854887, 0.9999136206120273, 0.010600839779372331, -0.3594769902291393]
  - [-0.0012532337447185762, -0.010591414051069663, 0.9999431240593538, 0.003489734045404683]
  - [0.0, 0.0, 0.0, 1.0]
  cam_overlaps: [0, 1]
  camera_model: ds
  distortion_coeffs: []
  distortion_model: none
  intrinsics: [-0.18529129862451868, 0.5957235097576479, 238.64069539258634, 239.54349237362646, 606.4944008450698, 509.848228459589]
  resolution: [1224, 1028]
  rostopic: /camera_image2
  fov_degree: 195.0
  kalibr_frame: kam2
  mvs_frame: cif0
  FT_K_C:
    f0: kam2
    f1: cif0
    T:
      - [1.0, 0.0, 0.0, 0.0]
      - [0.0, 1.0, 0.0, 0.0]
      - [0.0, 0.0, 1.0, 0.0]
      - [0.0, 0.0, 0.0, 1.0]
